照明off
unsigned int  rawData[83] = {3500,1750, 450,400, 450,450, 400,1300, 450,1300, 400,450, 450,1300, 400,450, 450,450, 400,450, 400,1300, 450,450, 400,450, 400,1350, 400,450, 400,1350, 400,450, 400,1350, 400,450, 400,450, 450,1300, 400,450, 450,450, 400,450, 400,450, 400,1350, 400,1300, 450,1300, 400,1350, 400,450, 400,1350, 400,450, 400,500, 400,450, 400,1300, 450,1300, 400,450, 450,450, 400,1300, 400,500, 400,450, 400};  // UNKNOWN 1B9C2A92


照明on
unsigned int  rawData[83] = {3500,1750, 400,450, 450,400, 450,1300, 450,1300, 400,450, 450,1300, 400,450, 450,400, 450,450, 400,1300, 450,450, 400,450, 400,1300, 450,450, 400,1300, 450,450, 400,1300, 450,450, 400,450, 400,1350, 400,450, 400,450, 450,450, 400,450, 400,1300, 450,450, 400,1300, 450,1300, 450,400, 450,1300, 450,400, 450,450, 400,450, 400,450, 450,1300, 400,450, 450,400, 450,1300, 450,400, 450,450, 400};  // UNKNOWN F6B92168


エアコンoff
unsigned int  rawData[211] = {3700,2050, 350,600, 350,1550, 350,600, 350,1550, 300,650, 300,1550, 350,600, 350,1550, 350,600, 350,1550, 350,600, 350,1550, 350,1550, 350,600, 350,1550, 350,600, 350,1550, 350,1550, 350,1550, 350,1550, 350,600, 350,600, 350,1550, 300,1600, 300,650, 300,600, 350,600, 350,600, 350,1550, 350,600, 350,600, 350,650, 300,650, 300,650, 300,650, 300,1550, 350,600, 350,600, 350,600, 350,600, 350,1550, 350,600, 350,600, 350,600, 350,600, 350,1550, 350,600, 350,600, 350,600, 300,1600, 300,650, 300,650, 300,600, 350,1600, 300,650, 300,650, 300,650, 300,650, 300,650, 300,650, 300,650, 300,650, 300,600, 350,600, 350,600, 350,600, 350,600, 350,1550, 350,600, 350,600, 350,600, 350,600, 350,600, 350,600, 350,600, 350,600, 350,600, 350,1550, 300,650, 350,1550, 350,600, 350,600, 350,600, 350,600, 350,600, 350,600, 300,650, 300,650, 300,650, 300,650, 300,1550, 350,600, 350,600, 350,1550, 350,1550, 350,1550, 350,1550, 350,600, 350,600, 350,600, 350,1550, 350,1550, 350,1550, 350,1550, 350};  // UNKNOWN CDADEE85


20
3700,2050, 350,600, 350,1550, 350,600, 350,1550, 350,600, 350,1550, 300,650, 300,1600, 300,600, 350,1550, 350,600, 350,1550, 350,1600, 300,600, 350,1600, 300,600, 350,1550, 350,1550, 350,1550, 350,1550, 350,600, 350,600, 350,1550, 350,1550, 350,600, 350,600, 300,650, 300,650, 300,1550, 350,600, 350,600, 350,650, 300,1600, 300,1600, 300,650, 300,650, 300,650, 300,600, 350,600, 350,600, 350,1550, 350,600, 350,600, 350,600, 350,1550, 350,1550, 350,600, 350,600, 350,600, 350,1550, 300,650, 300,650, 300,650, 300,1600, 300,650, 350,600, 350,600, 350,600, 350,600, 300,650, 300,650, 300,650, 300,600, 350,600, 350,600, 350,600, 350,600, 350,1550, 350,600, 350,600, 350,600, 350,600, 350,600, 350,600, 350,600, 350,600, 350,600, 300,1600, 300,650, 350,1550, 350,600, 350,600, 350,1550, 350,600, 350,600, 300,650, 300,650, 300,650, 300,650, 300,650, 300,1600, 300,600, 350,600, 350,1550, 350,1550, 350,1600, 300,1600, 300,650, 300,650, 300,650, 300,1550, 350,600, 350,600, 350,600, 350

21
unsigned int  rawData[211] = {3700,2050, 350,600, 350,1550, 350,600, 350,1550, 350,600, 350,1550, 350,600, 350,1550, 350,600, 350,1550, 350,600, 300,1600, 300,1600, 300,600, 350,1600, 300,650, 350,1550, 300,1600, 300,1550, 350,1550, 350,600, 400,550, 350,1550, 350,1550, 350,600, 350,600, 350,600, 350,600, 350,1550, 350,600, 350,600, 300,650, 300,650, 300,650, 350,1550, 350,600, 350,600, 350,600, 350,600, 350,600, 300,1600, 300,650, 300,650, 300,600, 350,1550, 350,1550, 350,600, 350,600, 350,600, 350,1550, 350,600, 350,600, 350,600, 350,1550, 350,600, 350,600, 350,600, 350,600, 350,650, 300,600, 350,600, 350,600, 350,600, 350,600, 350,600, 350,600, 300,650, 300,1600, 300,650, 300,600, 350,600, 350,600, 350,600, 350,600, 350,600, 350,600, 350,600, 350,1600, 300,600, 350,1550, 350,600, 350,600, 350,1550, 350,600, 350,600, 350,600, 350,600, 350,600, 350,600, 350,600, 350,1550, 300,650, 300,650, 300,1600, 300,1550, 350,1600, 300,1600, 300,650, 300,650, 300,650, 300,650, 300,1550, 350,1550, 350,600, 350};  // UNKNOWN 4E2A8190

22
unsigned int  rawData[211] = {3700,2050, 350,600, 350,1550, 350,600, 350,1550, 350,600, 350,1550, 350,600, 350,1550, 350,600, 350,1550, 300,650, 300,1600, 300,1600, 300,600, 350,1600, 300,650, 350,1550, 300,1600, 300,1600, 300,1550, 350,600, 400,550, 350,1550, 350,1550, 350,600, 350,600, 350,600, 350,600, 350,1550, 350,600, 350,600, 350,600, 300,1600, 300,650, 350,1550, 350,600, 350,600, 350,600, 350,600, 350,600, 350,1550, 300,650, 300,650, 300,650, 300,1550, 350,1550, 350,600, 350,600, 350,600, 350,1550, 350,600, 350,600, 350,600, 350,1550, 350,600, 350,600, 350,600, 350,650, 300,600, 350,600, 350,600, 350,600, 350,600, 350,600, 350,600, 350,600, 350,600, 300,1600, 300,650, 300,650, 300,600, 350,600, 350,600, 350,600, 350,600, 350,600, 350,650, 300,1600, 300,650, 300,1550, 350,600, 350,600, 350,1550, 350,600, 350,600, 350,600, 350,600, 350,600, 350,600, 350,600, 350,1550, 350,600, 300,650, 300,1600, 300,1550, 350,1600, 300,1600, 300,650, 300,650, 300,650, 300,1600, 300,1550, 350,1550, 350,600, 350};  // UNKNOWN 42AC18F2

23
unsigned int  rawData[211] = {3700,2050, 350,600, 350,1550, 350,600, 350,1550, 350,600, 350,1550, 300,650, 300,1550, 350,600, 350,1550, 350,600, 350,1550, 350,1600, 300,600, 350,1550, 350,600, 350,1550, 350,1550, 350,1550, 350,1550, 350,600, 350,600, 350,1550, 350,1550, 350,600, 300,650, 300,650, 300,650, 300,1550, 350,600, 350,600, 350,650, 300,650, 300,1600, 300,1600, 300,650, 300,650, 300,650, 300,600, 350,600, 350,1550, 350,600, 350,600, 350,600, 350,1550, 350,600, 350,600, 350,600, 350,600, 350,1550, 350,600, 300,650, 300,650, 300,1600, 300,650, 300,650, 300,650, 350,600, 350,600, 350,600, 300,650, 300,650, 300,650, 300,650, 300,650, 300,600, 350,600, 350,1550, 350,600, 350,600, 350,600, 350,600, 350,600, 350,600, 350,600, 350,600, 350,600, 350,1550, 300,650, 350,1550, 350,600, 350,600, 350,600, 350,600, 350,600, 350,600, 350,600, 350,600, 300,650, 300,650, 300,1600, 300,650, 300,600, 350,1550, 350,1550, 350,1600, 300,1600, 300,650, 300,650, 300,650, 300,600, 350,1550, 350,600, 350,600, 350};  // UNKNOWN DAECF162

24
unsigned int  rawData[211] = {3750,2050, 300,650, 300,1550, 350,600, 350,1550, 350,600, 350,1550, 350,600, 350,1550, 350,600, 350,1550, 350,600, 350,1550, 300,1600, 300,650, 300,1600, 300,650, 350,1550, 350,1550, 350,1550, 300,1600, 300,600, 400,550, 350,1550, 350,1550, 350,600, 350,600, 350,600, 350,600, 350,1550, 350,600, 350,600, 350,600, 350,1550, 350,1550, 350,1550, 350,600, 350,600, 350,600, 350,600, 350,600, 300,1600, 300,650, 300,650, 300,600, 350,1550, 350,600, 350,600, 350,600, 350,600, 350,1550, 350,600, 350,600, 350,600, 350,1550, 350,600, 350,600, 350,600, 350,600, 350,600, 350,600, 350,600, 350,600, 350,600, 350,600, 350,600, 350,600, 300,650, 300,1600, 300,650, 300,600, 350,600, 350,600, 350,600, 350,600, 350,600, 350,600, 350,650, 300,1600, 300,600, 350,1550, 350,600, 350,600, 350,600, 350,600, 350,600, 350,600, 350,600, 350,600, 350,600, 350,600, 350,1550, 350,600, 300,650, 300,1600, 300,1550, 350,1600, 300,1600, 300,650, 300,650, 300,650, 300,1600, 300,1550, 350,600, 350,600, 350};  // UNKNOWN 2365F41D

25
unsigned int  rawData[211] = {3750,2050, 350,600, 300,1600, 300,650, 300,1550, 350,600, 350,1550, 350,600, 350,1550, 350,600, 350,1550, 350,600, 350,1550, 350,1550, 350,600, 300,1600, 300,650, 350,1550, 350,1550, 350,1550, 350,1550, 350,600, 350,600, 300,1600, 300,1600, 300,600, 350,600, 350,600, 350,600, 350,1550, 350,600, 350,600, 350,650, 300,650, 300,650, 300,600, 350,1550, 350,600, 350,600, 350,600, 350,600, 350,1550, 350,600, 350,600, 350,600, 350,1550, 350,600, 350,600, 300,650, 300,650, 300,1600, 300,650, 300,600, 350,600, 350,1600, 300,650, 300,650, 300,650, 300,650, 300,650, 300,650, 300,600, 350,600, 350,600, 350,600, 350,600, 350,600, 350,600, 350,1550, 350,600, 350,600, 350,600, 350,600, 350,600, 350,600, 300,650, 300,650, 300,650, 300,1600, 300,650, 300,1600, 350,600, 350,600, 350,600, 300,650, 300,650, 300,650, 300,650, 300,650, 300,600, 350,600, 350,1550, 350,600, 350,600, 350,1550, 350,1550, 350,1550, 350,1550, 350,600, 350,600, 300,650, 300,650, 350,600, 350,1550, 350,1550, 350};  // UNKNOWN 980F779

26
unsigned int  rawData[211] = {3700,2050, 350,600, 350,1550, 300,650, 300,1600, 300,650, 300,1550, 350,600, 350,1550, 350,600, 350,1550, 350,600, 350,1550, 350,1550, 350,600, 350,1550, 300,650, 350,1550, 350,1550, 350,1550, 350,1550, 350,600, 350,600, 300,1600, 300,1600, 300,600, 350,600, 350,600, 350,600, 350,1550, 350,600, 350,600, 350,650, 300,1550, 350,600, 350,600, 350,1550, 350,600, 350,600, 350,600, 350,600, 350,1550, 350,600, 350,600, 350,600, 350,1550, 300,650, 300,650, 300,650, 300,650, 300,1550, 350,600, 350,600, 350,600, 350,1600, 300,650, 300,650, 300,650, 300,650, 300,600, 350,600, 350,600, 350,600, 350,600, 350,600, 350,600, 350,600, 350,600, 350,1550, 350,600, 350,600, 350,600, 350,600, 300,650, 300,650, 300,650, 300,650, 300,650, 300,1600, 300,650, 300,1600, 300,650, 300,650, 300,650, 300,650, 300,650, 300,650, 300,600, 350,600, 350,600, 350,600, 350,1550, 350,600, 350,600, 350,1550, 350,1550, 350,1550, 350,1550, 300,650, 300,650, 300,650, 350,1550, 350,600, 350,1550, 350,1550, 300};  // UNKNOWN 659EA29


