3700
2050
300
600
300
1600
300
600
300
1600
300
600
300
1600
300
600
300
1600
300
600
300
1600
300
600
300
1600
300
1600
300
600
300
1600
300
600
300
1600
300
1600
300
1600
300
1600
300
600
300
600
300
1600
300
1600
300
600
300
600
300
600
300
600
300
1600
300
600
300
600
300
600
300
1600
300
1600
300
1600
300
600
300
600
300
600
300
600
300
600
300
1600
300
600
300
600
300
600
300
1600
300
600
300
600
300
600
300
600
300
1600
300
600
300
600
300
600
300
1600
300
600
300
600
300
600
300
600
300
600
300
600
300
600
300
600
300
600
300
600
300
600
300
600
300
600
300
1600
300
600
300
600
300
600
300
600
300
600
300
600
300
600
300
600
300
600
300
1600
300
600
300
1600
300
600
300
600
300
600
300
600
300
600
300
600
300
600
300
600
300
600
300
600
300
1600
300
600
300
600
300
1600
300
1600
300
1600
300
1600
300
600
300
600
300
600
300
1600
300
1600
300
600
300
600
300
