01010101 01011010 11110011 00001000 11000000 10001100 01000100 00000000 00010000 00000101 00100000 00100111 1000 1 0 0 0

01010101 01011010 11110011 00001000 00100000 10001100 01000100 00000000 00010000 00000101 00100000 00100111 1000 0 1 1 0

01010101 01011010 11110011 00001000 10100000 10001100 01000100 00000000 00010000 00000101 00100000 00100111 1000 1 1 1 0

01010101 01011010 11110011 00001000 01100000 10001000 01000100 00000000 00010000 00000101 00000000 00100111 1000 0 1 0 0
 
01010101 01011010 11110011 00001000 11100000 10001000 01000100 00000000 00010000 00000101 00000000 00100111 1000 1 1 0 0

01010101 01011010 11110011 00001000 00010000 10001000 01000100 00000000 00010000 00000101 00000000 00100111 1000 0 0 1 1

01010101 01011010 11110011 00001000 10010000 10001000 01000100 00000000 00010000 00000101 00000000 00100111 1000 1 0 1 1




55 5a f3 8 c0 8c 44 0 10 5 20 27 88 

55 5a f3 8 20 8c 44 0 10 5 20 27 86 

55 5a f3 8 a0 8c 44 0 10 5 20 27 8e 

55 5a f3 8 60 88 44 0 10 5 0 27 84 

10101010



aa a5 c f7 3f 73 bb ff ef fa df d8 77 

aa a5 c f7 df 73 bb ff ef fa df d8 79 

aa a5 c f7 5f 73 bb ff ef fa df d8 71 

aa a5 c f7 9f 77 bb ff ef fa ff d8 7b 



