3700
2050
350
600
350
1550
350
600
350
1550
350
600
350
1550
350
600
350
1550
350
600
350
1550
300
650
300
1600
300
1600
300
600
350
1600
300
650
300
1600
300
1600
300
1550
350
1550
350
600
400
550
350
1550
350
1550
350
600
350
600
350
600
350
600
350
1550
300
650
300
650
300
650
300
650
300
650
300
650
350
1550
350
600
300
650
300
650
300
650
300
1550
350
600
350
600
350
600
350
1550
350
600
350
600
350
600
350
600
350
1550
350
600
350
600
350
600
300
1600
300
650
300
650
300
650
350
600
350
600
350
600
350
600
350
600
350
600
300
650
300
650
300
650
300
650
300
1550
350
600
350
600
350
600
350
600
350
600
350
600
350
600
350
600
350
600
350
1550
350
600
350
1550
350
600
350
600
350
600
350
600
350
600
350
600
350
600
350
600
350
600
300
650
300
1600
300
650
300
600
350
1550
350
1550
350
1550
350
1600
300
650
300
600
350
600
350
600
350
600
350
1550
350
1550
350
